206 10001 4 406.62605692138675 140.93323661651613
206 10003 1 313.3050196289063 117.38708164062501
206 10005 3 405.6448176025391 142.63826419677736
206 10007 4 368.25366617431644 133.80099821355344
206 10008 1 395.15064073791507 134.897126811409
206 10011 1 383.0734579681397 128.93443776931764
206 10012 1 352.8029749511719 124.89892532196046
206 10016 1 373.1190493225098 129.8725359615326
206 10019 1 422.31921793212894 136.6801338371277
206 10020 5 413.69083048095706 139.21990539398195
207 10001 4 403.5622694610596 140.12924911346437
207 10003 1 306.48743845214847 115.97584201660158
207 10005 3 405.560652029419 142.68437721099855
207 10007 4 366.686363470459 133.51112087335588
207 10008 1 389.2487394927979 133.60562564697267
207 10011 1 377.80726839294437 127.79701091613771
207 10012 1 347.4683573364258 123.78991367187501
207 10016 1 367.79767633666995 128.60293914642335
207 10019 1 416.8917315124512 135.42883183326722
207 10020 5 408.0640146850586 138.08108188476564
208 10001 4 400.4360478042603 139.32181884613038
208 10003 1 299.69627023925784 114.56580592956544
208 10005 3 405.46534181823733 142.71459915008546
208 10007 4 365.09152246704105 133.21410669651033
208 10008 1 383.34880567779544 132.31817509498597
208 10011 1 372.49184252014163 126.63907863464357
208 10012 1 342.09409738769534 122.65854980316163
208 10016 1 362.437734854126 127.3279986557007
208 10019 1 411.4707224487305 134.17885877456666
208 10020 5 402.4300387023926 136.91102268066408
209 10001 4 397.30163980712894 138.50885631408693
209 10003 1 292.8788492797852 113.1360230621338
209 10005 3 405.36386133422855 142.7446532424927
209 10007 4 363.4929564117432 132.91810764636995
209 10008 1 377.41864897003177 131.02295424308778
209 10011 1 367.1350634216309 125.45819045867921
209 10012 1 336.67815805664065 121.50606395568849
209 10016 1 357.0315668701172 126.04116107788087
209 10019 1 406.00567270507815 132.9156737503052
209 10020 5 396.7465269683838 135.7220006164551
210 10001 4 394.15431429138187 137.6856098350525
210 10003 1 286.0602762817383 111.69164516296388
210 10005 3 405.2563269256592 142.76892997589113
210 10007 4 361.88744379272464 132.61158098545076
210 10008 1 371.4704020141602 129.71829368438722
210 10011 1 361.7589132904053 124.26732208099367
210 10012 1 331.24609400024417 120.34281207885743
210 10016 1 351.60470606079105 124.74382926788331
210 10019 1 400.5233061431885 131.6409845527649
210 10020 5 391.04873491516116 134.5161419090271
211 10001 4 390.99334360351565 136.85269500579835
211 10003 1 279.23913980712894 110.23539783325197
211 10005 3 405.14480997314456 142.7884535964966
211 10007 4 360.27455164184573 132.29395784702302
211 10008 1 365.5064547180176 128.4086995300293
211 10011 1 356.36993051757815 123.06637718048097
211 10012 1 325.80189539184573 119.17009021606447
211 10016 1 346.1620714782715 123.44219352569581
211 10019 1 395.0160982727051 130.3571586784363
211 10020 5 385.32395006408694 133.2969312843323
218 10208 1 321.19470523071294 118.53064324569701
218 10211 1 296.9961383171082 111.29017903518675
218 10212 1 296.4132501907349 135.48554827880858
218 10216 1 293.9018337554932 114.20745601367949
218 10227 4 264.5581009216309 110.87146641921996
218 10229 3 302.130386335373 107.86100604248045
218 10230 4 302.4892006940842 109.12033822250365
218 10239 5 332.11620257568364 117.96555878829955
219 10208 1 316.1891815490723 117.53507950019835
219 10211 1 290.745257598877 110.15245845031737
219 10212 1 294.9827358551026 139.01212145996092
219 10216 1 287.64308283996587 113.06082679939269
219 10227 4 263.02245257568364 111.19909407806395
219 10229 3 302.06844685745244 107.95710780334471
219 10230 4 302.433063489914 109.15360905838011
219 10239 5 326.86831782531743 116.93819143486022
220 10208 1 311.1669590301514 116.53065159034728
220 10211 1 284.5075294799805 108.99792792510985
220 10212 1 293.57985423278814 142.64971759033202
220 10216 1 281.3807499237061 111.88743283462523
220 10227 4 261.40670703125005 111.53366400909422
220 10229 3 302.02226565551763 108.04871155929564
220 10230 4 302.3755383319855 109.18209292602538
220 10239 5 321.6208221740723 115.869816324234
221 10208 1 306.08875964355474 115.50673296165465
221 10211 1 278.2232162780762 107.8257534713745
221 10212 1 292.1660568542481 146.3589689941406
221 10216 1 275.070941192627 110.6961033554077
221 10227 4 259.7581741638184 111.86281683158873
221 10229 3 301.97440574836736 108.13833310317992
221 10230 4 302.31659410667424 109.21023919296263
221 10239 5 316.3591129608155 114.78014447402953
222 10208 1 300.982598526001 114.46821119499205
222 10211 1 271.93091128540044 106.63408209991454
222 10212 1 290.7481815643311 150.12006213378905
222 10216 1 268.756919128418 109.48820092391966
222 10227 4 258.08248828125005 112.17444970321654
222 10229 3 301.92584226799016 108.22613312911986
222 10230 4 302.2529661483765 109.2311785430908
222 10239 5 311.09318469238286 113.67761685562132
223 10208 1 295.8486339874268 113.42017748069762
223 10211 1 265.62027667236333 105.43199946594237
223 10212 1 289.3120300598145 153.91097857666014
223 10216 1 262.42530749511724 108.27041318130492
223 10227 4 256.3931724853516 112.46837975692748
223 10229 3 301.876835805893 108.31295039367674
223 10230 4 302.1829891033173 109.24864318084715
223 10239 5 305.81502650451665 112.55803324890135
230 10411 1 203.3917076957009 96.2487766040455
230 10416 1 183.56466034767843 95.23330037723886
230 10448 4 238.83406571266866 106.18691842686044
230 10451 3 207.4964268576882 106.84400909077036
230 10452 4 193.9679444205544 103.87540309559213
230 10453 3 213.06808976052022 108.105503727306
230 10457 3 178.52460125801778 102.86727182995187
230 10458 5 176.42647746918416 68.01293628345834
230 10460 1 195.6192181479714 71.62834422718393
230 10462 3 169.1596758734963 112.99360435139047
230 10463 3 229.7830136191628 109.75349776874887
230 10465 3 169.1761520278237 113.52262275349008
230 10466 1 161.42737797615743 110.25372855793344
230 10468 1 162.40244606850362 104.7029363406788
230 10469 3 151.74895409462667 96.35914366375314
230 10471 3 162.09179524300313 106.52646939884531
230 10472 3 145.8408463370583 99.0187451435219
230 10474 3 142.6954243552468 96.12571065555917
230 10475 3 143.4387810599587 97.62744288574564
230 10476 4 134.08872345803 91.93521945606577
230 10477 3 130.73415879128194 94.95013730656015
230 10479 3 130.50709275124288 94.24841754566538
231 10411 1 196.5452320945046 95.28354709278452
231 10416 1 175.56798676369405 94.05755012165415
231 10448 4 240.52807358620382 106.48889892231333
231 10451 3 207.46210984108663 106.89103143345224
231 10452 4 193.93705300209737 103.90746085773813
231 10453 3 213.65001038429952 108.34915988575327
231 10457 3 179.04716662285543 102.93636767994272
231 10458 5 176.41863921997762 67.97217815052377
231 10460 1 195.55957535622335 71.66286723743784
231 10462 3 169.73171976921773 113.2682291759144
231 10463 3 229.74283341286397 109.80295055042612
231 10465 3 169.69316605446554 113.70672195087778
231 10466 1 161.38367108223653 110.31482951771127
231 10468 1 162.38776520607686 104.7811538470875
231 10469 3 153.63831070778585 96.71110789905893
231 10471 3 162.0704834830544 106.56908099781381
231 10472 3 146.24839142678 99.23310561906206
231 10474 3 142.8979981314919 95.832705189098
231 10475 3 143.96780136940694 97.75129466186868
231 10476 4 132.2846348655007 91.83038156162607
231 10477 3 130.74172333595968 94.9525906337391
231 10479 3 130.54193238136983 94.2604371799122
232 10411 1 189.7638028037331 94.34044044147836
232 10416 1 167.6655762564919 92.89616887699472
232 10448 4 242.19978073952413 106.80514924656259
232 10451 3 207.4332592856667 106.93772571216928
232 10452 4 193.9078038108132 103.94074933658945
232 10453 3 214.21919754860616 108.59364097248422
232 10457 3 179.55210474846578 103.01461904178964
232 10458 5 176.39991787789083 67.93445079456674
232 10460 1 195.49927452919698 71.69636409412729
232 10462 3 170.28180340645528 113.53767650257456
232 10463 3 229.69709519264913 109.84547488819467
232 10465 3 170.19647244332052 113.89008014332163
232 10466 1 161.33652523873067 110.38135211597788
232 10468 1 162.3641207587502 104.86116187702524
232 10469 3 155.58381966469503 97.10316484104501
232 10471 3 162.0418427359841 106.61817710529672
232 10472 3 146.65301064369893 99.45436464678156
232 10474 3 143.10204247353292 95.57249157558786
232 10475 3 144.48847702858663 97.88140933643686
232 10476 4 130.44244126198507 91.68116586338388
232 10477 3 130.74074677345968 94.96131389271127
232 10479 3 130.5764820945046 94.28691260944711
233 10411 1 182.97690323708272 93.38584249149667
233 10416 1 159.77804688332296 91.72582452427255
233 10448 4 243.86114243386007 107.13313739429819
233 10451 3 207.40469864723897 106.9875199092518
233 10452 4 193.8783162009499 103.97556417118417
233 10453 3 214.78372696755147 108.83861796985971
233 10457 3 180.0571926009438 103.09708325992929
233 10458 5 176.38029030678487 67.89827602039682
233 10460 1 195.43497780678487 71.72996776234018
233 10462 3 170.81976655838704 113.80125873218881
233 10463 3 229.6459057700417 109.88621585499155
233 10465 3 170.68876580116964 114.07362239490854
233 10466 1 161.28901986000753 110.44623916279184
233 10468 1 162.33806256172872 104.94475143085825
233 10469 3 157.55926064369893 97.53023831974375
233 10471 3 162.0108492743752 106.67119281422006
233 10472 3 147.05967453835225 99.68422012459146
233 10474 3 143.3044045340798 95.33078687321054
233 10475 3 145.00024727699972 98.01586096416818
233 10476 4 128.58532456276632 91.50261371265756
233 10477 3 130.7283604514382 94.9722439540516
233 10479 3 130.60638550636983 94.31754701267587
234 10411 1 176.19697312233663 92.41131322513925
234 10416 1 151.91945008156515 90.52634494434702
234 10448 4 245.49869278786397 107.46879165302622
234 10451 3 207.3741658103249 107.03768556248056
234 10452 4 193.84680107948995 104.01234452854501
234 10453 3 215.34137848732686 109.0840136302601
234 10457 3 180.55333975670553 103.18774573932993
234 10458 5 176.35389045593953 67.86523120533334
234 10460 1 195.36359909889913 71.76158397327768
234 10462 3 171.3424117934487 114.06415717731821
234 10463 3 229.58755997536397 109.9296118510853
234 10465 3 171.16612986443258 114.25720088611948
234 10466 1 161.23591069100118 110.51252811085092
234 10468 1 162.30434922096944 105.02694718967783
234 10469 3 159.53259018776632 97.97628431450235
234 10471 3 161.97215107796407 106.72445361744272
234 10472 3 147.46100548622823 99.91581039558756
234 10474 3 143.5016415488503 95.10279290806162
234 10475 3 145.50267723915792 98.15395801197397
234 10476 4 126.72242859719015 91.30684726368295
234 10477 3 130.70628479836202 94.98554151188242
234 10479 3 130.6294720542214 94.35181348453867
235 10411 1 169.43749741432882 91.42223994861948
235 10416 1 144.09537247536397 89.30747573505747
235 10448 4 247.11761216042257 107.80993430744516
235 10451 3 207.3410427939675 107.0885564578663
235 10452 4 193.81351212380147 104.0502754939686
235 10453 3 215.8903363120339 109.329624821056
235 10457 3 181.04046086189962 103.28457801472055
235 10458 5 176.32071451065755 67.83462588917124
235 10460 1 195.28484848854757 71.79159228931772
235 10462 3 171.85001496193624 114.32514541279184
235 10463 3 229.5213520896218 109.97409980427133
235 10465 3 171.62842658875203 114.44010322224008
235 10466 1 161.17614010689474 110.5785900844227
235 10468 1 162.2647326361916 105.10686032902109
235 10469 3 161.4857838523171 98.43131177555429
235 10471 3 161.9259817969582 106.77693526874887
235 10472 3 147.85445526955343 100.14559142719614
235 10474 3 143.69243935463643 94.88591306339609
235 10475 3 145.99544075844503 98.29460363518106
235 10476 4 124.85123185036397 91.09488742481577
235 10477 3 130.68156937477804 95.00348203312265
235 10479 3 130.649026192405 94.39065568577158
242 10611 1 139.09001141357422 87.43688837814332
242 10616 1 92.74920397567749 79.7340556793213
242 10675 3 150.1689146118164 98.98299328613282
242 10676 4 107.24244290161133 90.11840359497072
242 10677 3 141.33918362426758 96.95983998107911
242 10679 3 141.32224255371094 96.22629086303712
242 10681 4 67.8061559753418 81.23585049438478
242 10682 1 65.48611813354492 75.63654581832887
242 10683 3 150.45651608276367 100.05385319519044
242 10685 3 150.0910223083496 97.7384502105713
242 10695 1 41.63703137207031 84.23327843475343
242 10697 2 92.63082772064209 55.67329136657716
242 10698 4 50.845001037597655 81.13288245725633
242 10700 1 63.32520275878906 53.858645599365246
242 10701 1 51.69157009887695 55.5722018890381
242 10704 4 36.48619442749023 77.56053082275392
243 10611 1 132.11035900878906 86.17571560668947
243 10616 1 85.13162594604492 78.59041921424867
243 10675 3 150.47648602294922 98.74635044860841
243 10676 4 105.13080292510986 90.11619202423097
243 10677 3 142.04513912963867 97.13799588012697
243 10679 3 142.01181393432617 96.42946068572999
243 10681 4 64.54619198608398 80.67409436035157
243 10682 1 57.94008618164062 74.40577999877931
243 10683 3 151.00987225341797 100.39423672485353
243 10685 3 150.63329296875 97.81243721771241
243 10695 1 38.80146008300781 86.20244757461549
243 10697 2 97.5165298538208 56.08414379882814
243 10698 4 49.12299710083008 81.17998288202287
243 10700 1 67.8153932647705 54.62206188964845
243 10701 1 53.38589840698242 54.88814274597169
243 10704 4 36.47209912109375 77.56344668197633
244 10611 1 125.14167767333984 84.91743342208864
244 10616 1 77.55301075744629 77.47130505371095
244 10675 3 150.72866040039062 98.5106555633545
244 10676 4 102.9573371963501 90.09906498718263
244 10677 3 142.75184231567383 97.320592086792
244 10679 3 142.6908643798828 96.63755337524415
244 10681 4 61.20227032470703 80.07627264785768
244 10682 1 50.44069653320312 73.17729489135743
244 10683 3 151.55740338134765 100.7394324951172
244 10685 3 151.16670208740234 97.90329949188234
244 10695 1 35.88349133300781 88.11955611038209
244 10697 2 102.50779419708252 56.529149215698254
244 10698 4 47.34869366455078 81.19579897451402
244 10700 1 72.46546154785156 55.45875851440431
244 10701 1 55.14082699584961 54.286982696533215
244 10704 4 36.401153381347655 77.55172507095338
245 10611 1 118.12426358032226 83.648548286438
245 10616 1 69.96961956787109 76.35729948806764
245 10675 3 150.9704053955078 98.27272335815431
245 10676 4 100.71761875915527 90.05037371444703
245 10677 3 143.46107846069336 97.50858513641359
245 10679 3 143.36841564941406 96.85133663940431
245 10681 4 57.76631909179687 79.44514219093324
245 10682 1 42.94239025878906 71.95855061340333
245 10683 3 152.1079137878418 101.08992497253419
245 10685 3 151.71633129882812 98.00609890747072
245 10695 1 32.79152661132812 90.00627295303346
245 10697 2 107.59399109649658 57.02526776123048
245 10698 4 45.48941403198242 81.17352018880845
245 10700 1 77.23257427978515 56.368437927246106
245 10701 1 56.99732571411133 53.771479766845715
245 10704 4 36.27615719604492 77.52476994323732
246 10611 1 111.07844906616211 82.35123698043824
246 10616 1 62.39049130249023 75.22591320800782
246 10675 3 151.2019308166504 98.03191391754152
246 10676 4 98.43101197052002 89.97423617172242
246 10677 3 144.17224865722656 97.70847050476075
246 10679 3 144.04096966552734 97.07069412994386
246 10681 4 54.26991253662109 78.78433028984071
246 10682 1 35.456291015625 70.7191631011963
246 10683 3 152.65665036010742 101.44227902221681
246 10685 3 152.26460247802734 98.11618725585939
246 10695 1 29.598533447265623 91.83949963378907
246 10697 2 112.73735695648193 57.562251251220715
246 10698 4 43.571037109375 81.11750225353242
246 10700 1 82.04967098999023 57.315459411621106
246 10701 1 58.91790753173828 53.32209698486329
246 10704 4 36.115691955566405 77.48893229293824
247 10611 1 103.98929577636719 81.03198544311525
247 10616 1 54.794349487304686 74.08036248016359
247 10675 3 151.4327543334961 97.78841320800782
247 10676 4 96.11384659576416 89.87644974517823
247 10677 3 144.88310986328125 97.91894642639161
247 10679 3 144.7072218017578 97.29531971740724
247 10681 4 50.72462826538086 78.10165135192872
247 10682 1 27.960677917480467 69.46680084991456
247 10683 3 153.19932537841797 101.79357449340822
247 10685 3 152.8056333618164 98.22736851501466
247 10695 1 26.30920391845703 93.63287941741945
247 10697 2 117.89322262573242 58.12500492858888
247 10698 4 41.60941677856445 81.03446642684938
247 10700 1 86.88081341552734 58.28508488464357
247 10701 1 60.857173736572264 52.918702285766614
247 10704 4 35.94788723754883 77.45355717468263
